LandisData PnETSpeciesParameters
PnETSpeciesParameters	FolN	SLWmax  HalfSat	 FracFol	KWdLit	 FolLignin	H3	H4		SLWDel	TOfol	AmaxA	AmaxB	PsnTMin		PsnTOpt		k		FracBelowG	FrActWd   PsnTMax
abiebals				0.76	215		100	     0.08		0.125	 0.25		105	145		0		0.25	5.3		21.5	2			19			0.5		0.3			0.00002     36               
acerrubr				1.61 	80		137	     0.03		0.081	 0.11		111	152		0.2		1		-46		71.9	4			26			0.58	0.3			0.00004     48 
acersacc				1.53 	70		100	     0.03		0.075	 0.11		105	145		0.2		1		-46		71.9	2			23			0.58	0.4			0.00004     44
betualle				1.77 	80		175	     0.03		0.075	 0.11		105	145		0.2		1		-46		71.9	3			21			0.58	0.4			0.00004     39
betupapy				1.60 	80		210	     0.03		0.075	 0.11		105	145		0.2		1		-46		71.9	3			21			0.58	0.3			0.00004     39
betupopu				1.60 	80		210	     0.03		0.075	 0.11		105	145		0.2		1		-46		71.9	3			21			0.58	0.4			0.00004     39
fagugran				1.40 	80		100	     0.03		0.075	 0.24		111	152		0.2		1		-46		71.9	2			23			0.58	0.4			0.00004     44
fraxamer				1.90 	85		180	     0.03		0.075	 0.12		111	152		0.2		1		-46		71.9	3			25			0.58	0.4			0.00004     47 
larilari				1.30 	110		213	     0.12		0.125	 0.25		118	160		0		1		5.3		21.5	1			20			0.58	0.4			0.00004     39
piceabie				1.20 	220		137	     0.10		0.150	 0.25		105	143		0		0.11 	5.3		21.5 	0			17			0.5		0.3			0.00004     34
piceglau				0.95 	250		137	     0.08		0.125	 0.25		111	152		0		0.25	5.3		21.5	2			20			0.5		0.3			0.00002     38
picemari				0.50 	250		137	     0.1		0.125	 0.25		118	160		0		0.25	5.3		21.5	2			20			0.5		0.3			0.00002     38
picerube				0.50 	250		137	     0.08		0.125	 0.25		118	160		0		0.25 	5.3		21.5 	2			20			0.5		0.3			0.00002     38
pinuresi				1.20 	250		230	     0.12		0.125	 0.25		118	160		0		0.3333	5.3		21.5	3			21			0.5		0.4			0.00005     39
pinustro				1.40	235		200	     0.09		0.125	 0.25		118	160		0		0.5		5.3		21.5	3			21			0.5		0.4			0.00004     39
popugran				1.90	95		250	     0.03		0.107	 0.16		100	140		0.2		1		-46		71.9	2			22			0.58	0.3			0.00004     42
poputrem				1.95 	95		250	     0.03		0.107	 0.16		100	140		0.2		1		-46		71.9	2			22			0.58	0.3			0.00004     42  
thujocci				0.70 	200		150	     0.10		0.125	 0.25		105	145		0		0.5		5.3		21.5	3			20			0.5		0.4			0.00005     37
tsugcana				0.95  	170		100	     0.06		0.024	 0.25		105	145		0		0.3333	5.3		21.5	3			21			0.5		0.3			0.00005     39

>>KWdLit default=0.1.  Use values from Mattson 1987 Decomposition of woody debris in a regenerating, clear-cut forest in the Southern Appalachians when available.  Otherwise: 0.075 for hardwoods and 0.125 for softwoods
>>FolLignin default = 0.02; Range in Aber and Mellilo (1982 Can J Bot 60:2267) = 0-0.25
>>Picea abies from literature and PnET User Guide (Marco Mina 26/11/2018, see Calibration_piceabie.xls)
>>Version Tune12 (16.04.2019)


>>Southern species(New England - Duveneck&Thompson 2019 Glob Env Change)
>>betulent				1.5 	80		137	     0.149	 0.15		105	145		0.2		1		-46		71.9	3			21			0.58	0.4			0.03	0.00004     
>>caryglab				1.56	90		175	     0.166	 0.17		111	152		0.2		1		-46		71.9	2			23			0.58	0.4			0.03	0.00004     
>>fraxnigr				1.62	85		137	     0.075	 0.12		111	152		0.2		1		-46		71.9	3			23			0.58	0.4			0.03	0.00004     
>>ostrvirg				1.21	100		137	     0.075	 0.12		111	152		0.2		1		-46		71.9	3			23			0.58	0.4			0.03	0.00004     
>>pinurigi				1.2 	250		213	     0.063	 0.25		118	160		0		0.3333	5.3		21.5	3			21			0.5		0.4			0.12	0.00005     
>>pinurigi				1.2 	250		213	     0.063	 0.25		118	160		0		0.3333	5.3		21.5	3			21			0.5		0.4			0.12	0.00005     
>>pinutaed				0.78	250		213	     0.125	 0.25		118	160		0		0.3333	5.3		21.5	5			30			0.5		0.4			0.12	0.00005     
>>popubals				1.44	95		250	     0.107	 0.16		100	140		0.2		1		-46		71.9	0			21			0.58	0.3			0.03	0.00004     
>>prunsero				1.68	90		213	     0.125	 0.25		111	152		0.2		1		-46		71.9	3			25     		0.58	0.4			0.03	0.00004                                                                                                                            
>>queralba				1.50	100		175	     0.063	 0.18		118	160		0.2		1		-46		71.9	2			26			0.58	0.4			0.03	0.00004    
>>quercocc				1.25	95		213	     0.05	 0.17		118	160		0.2		1		-46		71.9	2			26			0.58	0.4			0.03	0.00004     
>>querprin				1.43	90		175	     0.17	 0.26		111	152		0.2		1		-46		71.9	2			26			0.58	0.4			0.03	0.00004     
>>querrubr				1.3 	85		175	     0.075	 0.17		111	152		0.2		1		-46		71.9	2			24			0.58	0.4			0.03	0.00004     
>>quervelu				1.62	85		175	     0.170	 0.26		111	152		0.2		1		-46		71.9	2			24			0.58	0.4			0.03	0.00004     
>>tiliamer				1.56	75		137	     0.075	 0.12		111	152		0.2		1		-46		71.9	3			23			0.58	0.4			0.03	0.00004     
>>ulmuamer				1.38	85		137	     0.075	 0.12		105 145		0.2		1		-46		71.9	3			23			0.58	0.4			0.03	0.00004     







































































































































































































