56	0.285532699562815
59	0.281994454826161
66	0.25830691922037
74	0.281533140853335
75	0.26670093653267
80	0.255951788676147
81	0.25078154798077
84	0.280593862960141
86	0.24863508706645
91	0.280656285858628
94	0.279041713635149
95	0.271828483062677
96	0.26624889060847
98	0.282847253070021
100	0.254520778832693
101	0.285725366735516
103	0.25728722204292
105	0.247512238129361
107	0.273634942195222
108	0.269206424582637
111	0.257114654364765
113	0.279693713761507
116	0.276161040547045
117	0.221547068377172
118	0.252178113808419
119	0.264440714453389
122	0.25069334978821
125	0.261653942327195
128	0.265198280404119
140	0.283817382474512
143	0.245803047273938
151	0.267824280843164
153	0.245707835562298
162	0.282612614173631
167	0.24901746258903
176	0.26775371616794
180	0.246213677402391
183	0.264778577751315
184	0.269213645662068
186	0.281705147040198
187	0.277977009730491
194	0.222577819298949
200	0.252728234717629
201	0.285670711470756
203	0.254812510990712
204	0.285522048845012
218	0.262872430563261
223	0.280847130737064
228	0.271265884134525
233	0.260556378761679
240	0.267515136078613
244	0.283244270221672
250	0.258656217876293
267	0.266703803239403
273	0.262472284468967
281	0.208614524660399
285	0.275565286656236
292	0.278764391061484
294	0.279010918617732
297	0.241390436831913
298	0.268568568361128
303	0.281799688898516
309	0.225561140944123
311	0.253075793421503
313	0.245958090785183
314	0.277726676230599
315	0.244677694096608
317	0.269848797934573
318	0.284205925244786
319	0.247536719767076
322	0.274809572833996
323	0.249207951039798
326	0.242684519131766
333	0.267753055705067
337	0.247946916773045
339	0.284844804716412
340	0.263674580215226
341	0.280573639821214
342	0.267757108964915
343	0.241571805968686
344	0.238315738305673
345	0.280926477568745
346	0.268957543325613
347	0.23021268965007
348	0.2700150018258
351	0.274099857935407
352	0.284314190491761
353	0.279112322550461
355	0.243000303559304
357	0.256191792004032
359	0.281214527904456
363	0.264541454168207
364	0.285217756395431
365	0.258326651542408
370	0.273318508658712
372	0.285573491155285
373	0.255140673395148
375	0.275222287926394
377	0.264868938126133
381	0.265330705673903
384	0.282353971317544
385	0.265637223622175
387	0.268249731403893
389	0.241662833446039
390	0.241331176249039
395	0.252228898204015
397	0.257209153302107
398	0.258034949830345
405	0.23989856942195
406	0.26315277359923
407	0.224914823256391
409	0.249890172052861
410	0.234224016418858
411	0.255393089785585
412	0.236230796106498
413	0.257641255275011
415	0.284357225051126
418	0.260240644569077
421	0.277708690682969
422	0.258230860895056
424	0.255719206623515
425	0.268207986277728
428	0.236740744038628
429	0.249381087590846
432	0.219500838328826
433	0.235369503240657
435	0.279443322578305
436	0.242867425175538
437	0.264250575040473
438	0.26069424140142
439	0.28113674379682
441	0.279763027837856
442	0.274442035290536
443	0.261325631612832
446	0.262927393409908
447	0.266776933684894
448	0.264829391162212
449	0.248452676291939
451	0.252534121240013
452	0.269192690692253
453	0.265318022856464
454	0.260935188219525
462	0.242595717768219
463	0.268698297203737
464	0.246681505120624
466	0.271029530774283
467	0.263305663056721
471	0.255307275886861
473	0.272291634210884
474	0.248235031965114
476	0.274807095648009
478	0.26870760245465
479	0.261774215865168
480	0.271989528695817
484	0.25636640567565
489	0.249321453992049
490	0.260761208151521
491	0.24456301238254
492	0.26841296566523
493	0.271166924217242
494	0.274962827599185
495	0.255668102391495
496	0.258448785386756
498	0.28300630884563
499	0.280045682040972
500	0.285593432640842
501	0.274839627298506
502	0.280706768213632
503	0.262122188517638
506	0.260598684620879
507	0.282432858101359
510	0.255782842394364
511	0.27732599552316
512	0.262071253076563
513	0.269557376718806
516	0.260276171371349
517	0.284917476160817
522	0.283485861501262
523	0.280157672902523
524	0.240183493861712
525	0.273524463062505
526	0.268300887396797
527	0.259875798695847
528	0.265965040731148
532	0.273394250562458
533	0.267176283713519
534	0.234016978913151
535	0.192875433809394
536	0.238103592292828
537	0.271852388090088
540	0.285587288348807
542	0.25574903157087
543	0.269527026882757
544	0.193494451956214
545	0.248581758621488
546	0.266294815983917
547	0.251590787877267
548	0.267227939846007
550	0.242731215954336
551	0.238853551729364
552	0.250273087777184
553	0.232034564774864
554	0.25236117296784
557	0.264844210398698
558	0.264199919428668
559	0.279241586509465
561	0.265561644381396
563	0.255543911762103
564	0.262596868277043
565	0.273493033323873
567	0.267241914322916
570	0.262317696472834
571	0.257033226133388
573	0.273772504405959
576	0.249008637359279
578	0.248335594512206
579	0.207842444548277
582	0.271253655274077
584	0.255938040022743
585	0.247850450671683
586	0.285514159894171
588	0.271188867846326
589	0.24116064614177
590	0.278398410400432
593	0.22505615237293
594	0.236858035496237
598	0.249585019333085
602	0.261118513241742
603	0.258507446107021
605	0.269504729014242
606	0.262945596333188
608	0.261118465544882
609	0.26457049825663
611	0.285060918505881
612	0.257036842893692
613	0.238553883796285
614	0.278152840515904
615	0.280382900396669
616	0.274903067812031
617	0.240213941583454
618	0.282683674449646
620	0.260636398812128
621	0.27053285993802
627	0.257798369651915
629	0.25489670614179
632	0.282436474681268
633	0.25282196626411
634	0.277621234000613
635	0.254700397146322
636	0.271169291333845
637	0.285369579512976
638	0.2210748195233
642	0.264446226763449
643	0.283505187445355
647	0.247522205775547
648	0.237692581730774
651	0.258079566293654
652	0.262513247357389
653	0.253759050607057
655	0.261557312142162
656	0.255930570756985
657	0.262477334561455
658	0.285721753065601
659	0.254888036780038
660	0.273581044933927
661	0.282289655966126
662	0.266755206395709
665	0.263381724256589
666	0.284647901466631
667	0.258291265684729
668	0.250291382195046
671	0.274811399648518
672	0.263771793605933
673	0.273383320817386
674	0.27809953003191
675	0.284844713575851
676	0.276175284502113
677	0.26479721716005
679	0.2515697273663
680	0.28568118669843
682	0.281288714539975
683	0.285577832003833
684	0.246602397417039
685	0.225015318901362
688	0.24771515551615
689	0.254596081461771
690	0.264002946781609
691	0.266336582792955
692	0.244772917916824
693	0.277302432950665
694	0.261383667268772
698	0.282872684521501
699	0.206639988959185
700	0.254160371570648
701	0.259067618905918
702	0.285771702801106
704	0.22735524381515
705	0.274889804423849
706	0.272807999878761
707	0.250302910810394
710	0.25765350198486
711	0.25492620923734
712	0.261143292840224
714	0.283899298049183
715	0.273639705804271
716	0.255640312301988
717	0.27935726938247
718	0.259950997953735
720	0.261107121431961
721	0.25377531222861
722	0.273956973534594
725	0.239468969315433
726	0.268245894895364
727	0.266526410019449
728	0.285651195157812
730	0.270446481580793
731	0.270965951729071
733	0.270181000534474
736	0.282910904087386
737	0.270479231739834
738	0.247648429454406
739	0.24457188533331
744	0.255824386147324
745	0.258878637205818
746	0.278093986304509
748	0.256956402650882
749	0.28563445988165
751	0.265607606014069
753	0.258060353920227
754	0.275629309856049
755	0.233873971089732
756	0.262286050581546
757	0.25368143235836
759	0.272209574796318
760	0.237908189467099
761	0.285301161715567
762	0.249881868700208
763	0.273804346317493
765	0.285467312263223
766	0.256435549830632
767	0.267547677810623
768	0.271731608506811
769	0.276322221992743
771	0.259608775069803
772	0.258432810509274
773	0.263060920093689
774	0.278811928155718
776	0.228297171902524
778	0.285483674942999
779	0.279522372111638
781	0.280533139955426
782	0.282279446751785
783	0.279051487365357
785	0.280211724430852
786	0.260332845515826
788	0.262208461251759
790	0.276757820287566
792	0.262952053110451
793	0.253739306705577
794	0.262422763394539
797	0.27186998271036
798	0.271793930665029
799	0.280790091175526
801	0.252015705887754
803	0.27599502371739
805	0.282199730542394
806	0.270610471994622
809	0.285799569636575
810	0.267064568317862
811	0.213649678345074
812	0.275237077089827
813	0.279787060141155
814	0.275554278082874
815	0.283032937967554
816	0.266641850134296
817	0.269883980365833
819	0.263019686593692
820	0.253474618559981
826	0.267837708653085
827	0.248229461785631
829	0.262104776746184
830	0.241321204720258
831	0.27166037277241
832	0.26964714344258
834	0.280236275084623
835	0.247130232059624
836	0.274312225326685
837	0.262576490929367
838	0.271562599033408
840	0.271957085957382
841	0.284032768002897
842	0.244833319397434
843	0.250693638018878
844	0.276161586327579
845	0.274725660367118
846	0.285763540079781
847	0.273014132966456
849	0.269336660137158
850	0.247492485099755
852	0.261966678554998
853	0.240910750384758
854	0.283066072559379
855	0.275364287479135
856	0.283053976209319
860	0.280861047842878
861	0.270207902593308
862	0.280025155980789
863	0.285632505269247
864	0.220706441596831
866	0.276345242877095
867	0.268044685096788
868	0.282982498596325
870	0.257490455671236
871	0.237372707845536
873	0.259653735489124
874	0.280913088861844
875	0.272312264279531
878	0.263355593657526
879	0.265523575676754
881	0.278605961527689
883	0.21463188416052
884	0.273638438185733
885	0.282651688015755
886	0.284568345693685
888	0.255603194701231
889	0.275192306451029
890	0.275577339847949
891	0.25351213496839
892	0.259349665540725
894	0.28033705489565
895	0.251270981372015
896	0.269276152606932
897	0.240546876516158
900	0.248197462788041
901	0.276645680992733
902	0.267443743886635
905	0.2540897073332
906	0.257424978352235
907	0.250975795513526
909	0.285808155367976
910	0.259377632186922
911	0.254297970340012
914	0.255546717081923
915	0.269890190188574
916	0.27415581424683
917	0.233313939805169
918	0.268500365708502
919	0.26090237462045
920	0.25990926350827
921	0.209353158551647
922	0.268030717546994
923	0.243372935225582
924	0.283485250359655
926	0.244118824534029
927	0.283362328978006
929	0.277425090631601
930	0.273577716489587
931	0.251782037447972
932	0.254316695615727
933	0.245221852325101
935	0.265564173030494
936	0.269745234943323
937	0.256654808524392
939	0.254448042532206
940	0.234070794780579
941	0.274763227499324
942	0.273179807631721
944	0.274184905283971
945	0.278660221089183
946	0.270628591153148
948	0.258177828474528
949	0.262249300090239
950	0.26840835188758
951	0.250133572493277
952	0.285175574260224
953	0.279345250346495
954	0.268598663698532
956	0.284873481603781
957	0.282299947585267
959	0.266891211332485
960	0.294646627813209
962	0.23601636125766
963	0.263013402370224
964	0.258242370548418
965	0.279656951141591
966	0.262543419011968
967	0.274733660807702
968	0.26536326450357
969	0.245278903849462
970	0.270710380187504
973	0.261240861947807
974	0.256738465098349
975	0.260514330744128
976	0.271781700112714
977	0.270195878752407
979	0.285364346136921
980	0.250236492574364
981	0.271677103399951
982	0.240002440981207
983	0.261733430970755
984	0.280782145596218
985	0.252324190306347
986	0.25877532556275
987	0.247190605059623
988	0.224618942907342
990	0.263411884197528
991	0.248259234342842
993	0.254919542706114
994	0.255116307945848
995	0.249650406881509
997	0.277064333210285
998	0.279491709445017
1001	0.255398148388829
1002	0.282160250281632
1003	0.261575839402669
1004	0.247255229276525
1005	0.285611903172213
1006	0.276005469542705
1007	0.281348658935729
1008	0.261251466126451
1009	0.285809432241498
1010	0.252313765878343
1011	0.242284067941181
1012	0.242597164690122
1013	0.270294925959685
1014	0.283683527973375
1016	0.283408749665507
1017	0.284134307558306
1018	0.274681589088464
1019	0.243824071315062
1020	0.246474598613461
1021	0.281773244018989
1024	0.259424209601263
1025	0.255144664496535
1028	0.279302571142581
1029	0.276690695608075
1030	0.285810037661075
1031	0.283273770362709
1032	0.278180446324613
1033	0.248090317927955
1036	0.236172801708708
1037	0.279504188260677
1040	0.285063801302301
1041	0.266193343738102
1042	0.285632238133877
1043	0.279521175368188
1046	0.27785706485206
1047	0.250335677334987
1048	0.267385457308248
1050	0.263086834394775
1052	0.221841465805572
1053	0.272106050854461
1054	0.232085025332719
1055	0.275272464722976
1056	0.259154637687453
1057	0.250173580153681
1060	0.284457161927805
1061	0.256105441096591
1062	0.269313284061369
1064	0.250055289631966
1065	0.281882286899473
1066	0.269289854276875
1067	0.271943460198473
1070	0.269246463418219
1071	0.267277973476504
1072	0.26187635198935
1073	0.25638973448831
1075	0.261517028178275
1076	0.262478665247499
1077	0.2745009568075
1078	0.267590961652162
1079	0.244554524676516
1082	0.239799870398242
1083	0.262641575007907
1084	0.280765151294049
1085	0.283925635122289
1086	0.273358507116695
1087	0.269368358941226
1088	0.264883827801063
1091	0.267016256585377
1092	0.245401996628459
1093	0.278208496288317
1094	0.261100032734408
1097	0.257193586392561
1100	0.251109422653683
1101	0.248983610440103
1102	0.274863897529032
1104	0.254942626637351
1105	0.282386019155363
1106	0.263545479635941
1109	0.280305700096292
1110	0.246449082405212
1112	0.239870087829862
1113	0.273232610278345
1114	0.258610420553624
1115	0.264236760148321
1116	0.285402826882369
1117	0.263619281601894
1118	0.281474989179374
1119	0.252263867719209
1122	0.259696208076819
1123	0.30044773507151
1125	0.256836578059676
1127	0.251388730937508
1128	0.276031529061022
1130	0.27630709552151
1131	0.278756343951642
1134	0.238582005044212
1135	0.244538958130709
1136	0.259595116246417
1139	0.2711308218699
1140	0.273602641744511
1143	0.279043779234159
1144	0.287282206313226
1145	0.25139287974586
1149	0.257391368311979
1150	0.197665817866669
1152	0.258055872795616
1153	0.252921789499794
1154	0.281472075711102
1155	0.238093993274403
1157	0.276956082826523
1158	0.26791668771288
1159	0.274845366867165
1162	0.2479774722752
1163	0.230265251550098
1164	0.273596484963667
1165	0.25891920476666
1166	0.251546706731495
1167	0.222623421186364
1168	0.267655848656485
1171	0.223004199230928
1172	0.268876119032227
1173	0.265384579352775
1174	0.250470133759615
1175	0.247397760033892
1176	0.23870460035227
1177	0.278686007436748
1178	0.272529678651915
1179	0.276295900434338
1181	0.280952492215651
1182	0.261037946619455
1183	0.267652111338911
1185	0.283906012417042
1186	0.251149149341589
1187	0.204974298478729
1188	0.256402568159264
1189	0.279578578652901
1190	0.27733349481178
1192	0.250760643532509
1193	0.281016710687966
1194	0.251744233780136
1195	0.262606976864227
1196	0.283897104508688
1198	0.268292677589286
1201	0.285592514626369
1202	0.254351407236013
1204	0.248998584635735
1205	0.271585724070285
1206	0.262992811933309
1208	0.265860760993413
1209	0.252979612339255
1210	0.258770904341624
1211	0.282475704497705
1212	0.277457563295951
1213	0.255168423757319
1215	0.276143530211592
1216	0.252531738284024
1217	0.283878833151096
1218	0.272842292904426
1219	0.285783159727457
1221	0.266147407299853
1223	0.260911235222065
1224	0.276351459982758
1228	0.264038726047593
1229	0.274568016817643
1230	0.27682598030126
1231	0.266043357188041
1232	0.275980720680701
1234	0.296939858452179
1235	0.278721734395469
1236	0.285404237235682
1238	0.238612149953416
1239	0.27577240010729
1241	0.282977827169442
1242	0.25042728460301
1243	0.274646898313296
1245	0.237241427013017
1247	0.248905686781794
1248	0.272862117637844
1249	0.260638683661914
1250	0.254573476117032
1251	0.260359878449999
1253	0.283569021488192
1254	0.265942531408048
1255	0.259082391221597
1256	0.239247616396423
1258	0.250788287659232
1262	0.261304423526815
1263	0.255097581111781
1266	0.275076820632066
1267	0.249813715451889
1268	0.257200511332757
1269	0.266987375457815
1270	0.276625116267763
1271	0.257006544193538
1274	0.210155484322496
1276	0.278448836127207
1277	0.285792147009896
1281	0.266894532919154
1283	0.241836258902544
1284	0.263607538294027
1285	0.239927808532827
1286	0.242426628507952
1288	0.306244347885091
1289	0.279129564496461
1290	0.264178951078064
1295	0.282478984248849
1296	0.243957426453346
1297	0.268994950809118
1298	0.279290025061495
1299	0.245226032515245
1300	0.267129921676262
1301	0.254511014245263
1302	0.255220096504674
1303	0.279116378315665
1304	0.272974391767793
1306	0.26773347088647
1308	0.254576715409016
1309	0.264327451120264
1311	0.246113221199323
1312	0.263633707078623
1313	0.223710840220523
1314	0.249753529024203
1315	0.238817377682786
1316	0.272837753545695
1321	0.274417665382978
1322	0.253571597900019
1324	0.277518929216003
1328	0.26068689854017
1329	0.273900779253929
1330	0.277551240913296
1331	0.277841530542637
1332	0.250094551292231
1334	0.263682439540367
1335	0.263650448217823
1336	0.243270083926518
1337	0.198129692246494
1339	0.277616171277774
1341	0.282890968766875
1343	0.275571456110676
1344	0.261254982216273
1346	0.264379198973809
1348	0.273355586079542
1349	0.24706415839328
1351	0.267543123351574
1352	0.274640268274353
1353	0.283596001237281
1354	0.260290331922192
1355	0.257038700795499
1356	0.25845855611486
1357	0.258819412785604
1358	0.265710125642431
1359	0.271243489270566
1360	0.26381057063819
1361	0.266740913097528
1362	0.284854563837357
1363	0.266579405363976
1365	0.233549655847378
1366	0.263542785657574
1367	0.272243980539941
1368	0.214818947758828
1369	0.256114422274888
1370	0.272585650265345
1374	0.248968448171179
1375	0.259799588416875
1376	0.273208816091181
1377	0.254095440878801
1378	0.271951707182844
1379	0.255959533592229
1380	0.242875260548587
1383	0.265625296593532
1384	0.272744590855187
1385	0.280620483052958
1386	0.274118696681014
1388	0.271148594852892
1389	0.258841797486284
1390	0.265542341245714
1391	0.268137463986755
1392	0.254132862342217
1393	0.236244834366411
1394	0.250696324479409
1396	0.256871603036837
1399	0.249511847085591
1400	0.253087803474751
1403	0.252584027212751
1405	0.263931629975144
1406	0.259142788768575
1408	0.231931351450347
1409	0.255700103091731
1412	0.248747688080546
1413	0.258795358864972
1415	0.253252522817017
1417	0.252383449798373
1418	0.285169238194778
1419	0.237364968995208
1420	0.275393717018771
1421	0.219447196970122
1422	0.24605055081946
1424	0.263984608754948
1428	0.272457023637445
1431	0.282943659948555
1432	0.26374313352374
1437	0.284123489589612
1441	0.264111357513276
1442	0.236857741123737
1443	0.256787891033516
1444	0.280920692484186
1445	0.25521873608851
1446	0.238649893440318
1447	0.266023661688906
1448	0.250442159893961
1449	0.215769098773536
1450	0.242228961465348
1454	0.27326290402762
1455	0.245854335592051
1456	0.266229834952002
1457	0.265828923208291
1458	0.262698059824575
1459	0.26164725141339
1460	0.23487441715202
1461	0.261452251483231
1463	0.27469545278052
1464	0.226215837349119
1466	0.257051118615567
1467	0.265204702751871
1469	0.262226436787354
1472	0.278361591910381
1474	0.277843968975588
1475	0.255914848189328
1476	0.27113682023617
1478	0.28306748752115
1479	0.251939112616636
1480	0.253726714682305
1483	0.234773904495643
1484	0.233907773863233
1485	0.28580966172848
1486	0.248651760595061
1487	0.276962609977278
1489	0.277055257972273
1490	0.261476818653903
1491	0.248112127111322
1492	0.266672845490181
1493	0.238358782987175
1496	0.278956799695112
1499	0.283528236618409
1500	0.256352410077813
1501	0.282997345021691
1502	0.263265181452668
1504	0.270112059882119
1505	0.278602748256968
1506	0.277312099570963
1508	0.275840372377176
1509	0.248101405515205
1511	0.266998900734306
1513	0.277764510961232
1515	0.265645647867387
1516	0.235074607413406
1517	0.284807678652488
1521	0.236641883727452
1522	0.253359853220407
1523	0.248205494512712
1524	0.277047548688955
1526	0.281438095089245
1527	0.269196480089084
1528	0.240949950178019
1529	0.249141477660399
1530	0.271900936821861
1531	0.2566303396606
1533	0.253167249791089
1536	0.283000619084573
1537	0.27913477416666
1539	0.275017450242715
1542	0.257067856675907
1544	0.277302147079021
1545	0.26539586571253
1546	0.251079677115242
1547	0.282831445343603
1548	0.247619593737226
1550	0.253144289697381
1553	0.259916804832595
1554	0.267310192577267
1555	0.202611339680907
1556	0.262042129365557
1560	0.261813328296572
1563	0.257212472396346
1565	0.267879593775662
1566	0.271367172979518
1567	0.25450933694616
1568	0.284704130385228
1569	0.208243538132384
1570	0.249645415710819
1571	0.240964545465783
1572	0.26154071249103
1574	0.281104602926755
1575	0.246571314224224
1578	0.252762603537572
1579	0.280822586055949
1585	0.280297044292345
1586	0.273498075691155
1587	0.283856886900541
1588	0.191930808852696
1590	0.258513501410051
1591	0.229012755867396
1594	0.275402109414632
1595	0.254342162895152
1598	0.266374795607386
1600	0.268823861283004
1601	0.282225243614343
1602	0.284151468877851
1604	0.277915951933037
1605	0.285285978243745
1609	0.257082975220746
1610	0.257653150647499
1612	0.253885480675167
1613	0.280795591377301
1614	0.262067161273566
1617	0.244402199352737
1618	0.261964176384906
1619	0.24382682385571
1621	0.251188829619069
1625	0.261444672581048
1626	0.254452829426599
1627	0.285621162135258
1628	0.257328638658967
1629	0.26731650715525
1630	0.28539950216432
1631	0.272522148729457
1633	0.278233878100676
1637	0.264477064238659
1638	0.266371872408058
1642	0.270128152012702
1643	0.263169154427696
1647	0.24542715570564
1648	0.268079583645374
1649	0.26425434211419
1651	0.231361123606553
1654	0.26240725167943
1655	0.278243393170514
1656	0.257118129012545
1658	0.256351263722687
1659	0.261200369383133
1661	0.244973677049016
1662	0.248708781830104
1666	0.249394909797468
1667	0.25506316383142
1670	0.250518093669993
1674	0.219641774382278
1682	0.252766964697647
1684	0.243399760454377
1685	0.256856248039698
1686	0.247241328969906
1694	0.266528356619907
1695	0.24950829153917
1698	0.272981658505884
1701	0.269529230561207
1715	0.284149146437983
1716	0.274333452793711
1723	0.257390875382941
1731	0.268110888174231
1734	0.283186126127059
1735	0.262671861657979
1738	0.28363468137456
1739	0.26317781855485
1740	0.274119802527896
1747	0.264853073029046
1748	0.247337854106836
1753	0.2575720505172
1757	0.243634901938135
1760	0.268075217694208
1771	0.233789143661367
1775	0.285803767430642
1776	0.272042736206732
1777	0.26014688503604
1783	0.21544781444109
1784	0.265219923694627
1785	0.282795146951376
1788	0.262160638800425
1789	0.263466989597917
1791	0.282734352503383
1792	0.240513918795013
1793	0.264957443987167
1801	0.27427222045925
1802	0.254800916368626
1811	0.255121948892259
1812	0.222839664292921
1816	0.284774673504419
1820	0.275841849197222
1822	0.278109449528552
1823	0.233578321872142
1832	0.255460997210968
1837	0.280190624179497
1838	0.278636814014831
1839	0.256850952128946
1841	0.250470612200082
1842	0.276537922606391
1854	0.276141745668669
1857	0.273966580668107
1858	0.281857349403114
1865	0.284365765060778
1873	0.258600438752752
1875	0.282474638190229
1876	0.247619068728293
1878	0.237435119904019
1880	0.253841322999086
1884	0.268770464173586
1885	0.270632541781954
1894	0.261461867264156
1895	0.245905320840514
1896	0.266578519046238
1903	0.263370021024374
1905	0.239047706901415
1907	0.272857025242884
1910	0.25963009047998
1912	0.271477603911692
1913	0.285346126269406
1916	0.272428424339521
1917	0.278396214014396
1934	0.260990922318986
1937	0.253913550703629
1939	0.26731993100651
1941	0.281366870243301
1943	0.272967466597495
1944	0.256269332431474
1946	0.252547426708596
1952	0.252439942865207
1954	0.267121386394156
1955	0.270085978992119
1962	0.264584370850264
1963	0.24483893445257
1964	0.272734194568668
1969	0.260227973890403
1970	0.270474769408093
1974	0.265335305324034
1975	0.244609706577686
1976	0.274689921887813
1978	0.256807254698855
1979	0.259857698467159
1980	0.275404713264466
1981	0.282780725147369
1982	0.257384768580179
1984	0.274443833083987
1988	0.26627403295682
1989	0.25363303822529
1992	0.26211361209818
1993	0.276869664991145
1994	0.277843567104922
1995	0.267563538609373
2002	0.255061694515355
2003	0.285399393736377
301	0.250155047698832
1718	0.183581628956644
597	0.20168605399391
1559	0.298896257717219
20	0.250107564526863
1142	0.247687454417271
1510	0.237992214000569
5	0.214222946597159
182	0.232183888931484
173	0.218210754628042
139	0.260017428214246
1615	0.285800327707945
277	0.246520489468695
1818	0.258439759052698
391	0.285800327707945
197	0.245172500166645
1692	0.243110679720296
1900	0.285800327707945
1146	0.242964013325558
1745	0.250494149404251
1512	0.261083715096153
1940	0.285800327707945
654	0.260488997621521
79	0.240553609568113
73	0.252537892101328
227	0.285800327707945
1199	0.238773594657431
1261	0.244825845162401
1721	0.263659968139357
872	0.24784450273368
1099	0.239076026716253
1551	0.255567558888118
1310	0.285800327707945
1957	0.285800327707945
732	0.242158127588806
807	0.285800327707945
1540	0.285800327707945
23	0.234755949223531
251	0.285800327707945
1693	0.251175498650855
583	0.25313670425044
2021	0.243447981147264
880	0.285800327707945
903	0.258145049640654
1879	0.236430772089066
1338	0.305157081336784
2007	0.285800327707945
1700	0.205856338674502
1764	0.25897190871552
669	0.24999978724047
1227	0.23514278675805
508	0.245891129705232
1518	0.247922881289079
2033	0.243109046390428
1950	0.24250859323085
1663	0.23594870450415
2040	0.259183645504492
235	0.285800327707945
2020	0.285800327707945
92	0.221392482125844
1589	0.231242398495996
1808	0.254147682126682
1225	0.261071245775472
882	0.235736849278311
999	0.25782205253241
1826	0.285800327707945
2012	0.254887978178988
2024	0.244647260311432
487	0.245498028627174
1814	0.285800327707945
1882	0.252529240112101
1750	0.285800327707945
316	0.285800327707945
328	0.25852313400518
1711	0.244213966584663
2017	0.285800327707945
145	0.249163435069847
1872	0.247442148903713
1805	0.243583349877984
1770	0.285800327707945
72	0.285800327707945
1180	0.259517211633355
307	0.238001977075487
1751	0.18436575028882
566	0.242170761624682
709	0.231303391274131
1583	0.243450367651639
1068	0.25771010828027
287	0.256591001123454
16	0.285800327707945
30	0.2519512461462
1520	0.243217211374039
1702	0.242228855462789
1986	0.236254564897972
482	0.250996504501211
791	0.216705981682205
368	0.285800327707945
1207	0.227682641835704
21	0.285800327707945
913	0.258443108676617
7	0.217869185890685
624	0.208516224185989
26	0.285800327707945
206	0.239644751378737
257	0.224642990505303
330	0.216723188268072
1687	0.236234170528699
401	0.252841721620991
2008	0.255594114556722
1423	0.261298235378888
1156	0.233772217215936
417	0.217573934796588
120	0.230939319634049
1552	0.261948665496494
1305	0.285800327707945
1759	0.240047370020925
157	0.308850669480748
818	0.2348283060842
1397	0.236178240379612
414	0.285800327707945
719	0.256919525722791
142	0.237242920269606
1923	0.190188158315749
808	0.254699983952952
519	0.26035462236422
520	0.242242651682834
62	0.246521699041789
1581	0.285800327707945
1582	0.247738675358366
2038	0.237391311396791
822	0.218366013893941
1850	0.248140638828198
1774	0.216516841190129
1292	0.285800327707945
1668	0.285800327707945
127	0.235480770218213
770	0.215832886039847
152	0.255173202787002
225	0.199650647852335
11	0.243676943004117
800	0.254703337531041
1961	0.207822081674207
137	0.238617884741917
274	0.285800327707945
461	0.237673802651848
1914	0.285800327707945
1497	0.285800327707945
531	0.248306774175087
596	0.223542878655793
1786	0.252310677656519
1433	0.236240231337045
237	0.236382638819903
270	0.246079872979911
300	0.231093283576983
1325	0.245224568816605
1742	0.285800327707945
472	0.285800327707945
302	0.262020166554979
796	0.248573807274004
258	0.285800327707945
188	0.285800327707945
961	0.239470795094415
1635	0.214009381704936
1767	0.244504913800527
99	0.285800327707945
518	0.231285882133484
1264	0.25299964754016
2041	0.233278940964844
268	0.265185241890593
1564	0.285800327707945
1434	0.285800327707945
192	0.261106580657809
102	0.253077897782483
1623	0.2206035298161
989	0.251692416054792
1599	0.236965163673784
185	0.263689411096456
1915	0.285800327707945
1074	0.243448272075249
1634	0.261961919817696
278	0.251812744833418
129	0.245044161166231
912	0.285800327707945
1948	0.243737848672448
1133	0.252111672225717
1482	0.242519013856715
1678	0.24919434197645
299	0.2326262759742
404	0.243099275709297
925	0.246674690947329
57	0.207906406568451
1773	0.257272549080375
1650	0.237267648972221
63	0.266684712620073
1919	0.285800327707945
1641	0.239545975008782
2018	0.285800327707945
175	0.238963229916697
1481	0.285800327707945
1956	0.248168732075168
1765	0.240956066183077
1960	0.262850806685498
1543	0.259325743659156
306	0.193375938925004
504	0.288208030400668
1015	0.227385547562029
1871	0.252260656878533
777	0.218694181062154
486	0.229739005201465
60	0.285800327707945
52	0.24669270984714
626	0.285800327707945
259	0.285800327707945
1932	0.247040651832567
1557	0.244789685644568
1411	0.225861163876911
735	0.242354063620622
898	0.209209185872026
587	0.233700392184685
1382	0.247873589665275
31	0.23350981244137
1660	0.236206178375533
1867	0.233811837983037
650	0.285800327707945
1653	0.285800327707945
403	0.285800327707945
25	0.285800327707945
1034	0.285800327707945
1859	0.254151527426695
521	0.258231884323466
470	0.24160544129538
2001	0.215798572801992
253	0.239773107441774
695	0.224085350931617
1864	0.243289591440307
1679	0.248590700110064
1294	0.285800327707945
556	0.285800327707945
2045	0.249655168531137
286	0.220459779283986
158	0.230828851677856
825	0.285800327707945
1319	0.247124899849928
1860	0.256824163501853
1503	0.285800327707945
1323	0.285800327707945
290	0.182980996453544
1949	0.285800327707945
283	0.243205889275438
1973	0.244487964223127
1977	0.231861438814811
2014	0.285800327707945
747	0.239860235332491
1741	0.285800327707945
161	0.238284548455481
1824	0.249965585691765
264	0.238379608916457
1972	0.285800327707945
1573	0.230469050330702
276	0.285800327707945
780	0.253514956525896
468	0.246411466289207
1737	0.285800327707945
670	0.224521838377412
42	0.245792517744385
529	0.251144878770209
1169	0.24372905959457
1815	0.240881463106161
350	0.21920731564448
2044	0.256154767163217
29	0.23515827377066
947	0.242436897044044
50	0.229910888315822
1924	0.244015374584938
379	0.203632752752546
1897	0.285800327707945
457	0.23877973338471
1996	0.25743469370054
216	0.25351411934434
427	0.253819782230783
893	0.285800327707945
1920	0.202966930689306
440	0.207810419846095
39	0.252170390051158
686	0.239208697411035
215	0.251611812738395
622	0.201007025142573
1401	0.243463102253919
1722	0.224294573076484
1861	0.238939461118798
2004	0.229964057621551
1708	0.285800327707945
68	0.285800327707945
266	0.256085475764327
76	0.199514291176077
1733	0.239716179455955
217	0.242223494612048
229	0.295714661247317
232	0.23087550477748
1333	0.255342676692752
1160	0.285800327707945
168	0.285800327707945
1402	0.193741036817597
243	0.285800327707945
1124	0.285800327707945
1691	0.249328584396689
195	0.241798342709976
378	0.285800327707945
53	0.230548794467579
2009	0.261499939771471
1911	0.285800327707945
1883	0.232389869113095
1259	0.279406304929216
174	0.246907181709088
245	0.204408481795519
36	0.218318733106105
1646	0.2362601898478
2035	0.285800327707945
2050	0.230746249100447
1404	0.234416089567678
1095	0.257348884835931
321	0.254829915161642
713	0.285800327707945
164	0.285800327707945
1983	0.285800327707945
877	0.21329801321474
293	0.285800327707945
1790	0.285800327707945
1821	0.230216507904741
362	0.251102223616542
640	0.235047892224284
908	0.240649516578231
1942	0.285800327707945
133	0.285800327707945
1045	0.249640737328128
1426	0.239288031333141
222	0.21849197523009
1035	0.285800327707945
1936	0.285800327707945
434	0.230990595936018
572	0.211120733828473
1891	0.247750725064808
1819	0.229263735117804
1129	0.189479736453023
1197	0.285800327707945
165	0.285800327707945
1407	0.220989518737487
1752	0.285800327707946
1429	0.292383557736731
1398	0.241766779109785
1468	0.22570584567953
1534	0.255446090893977
90	0.285800327707945
371	0.285800327707945
13	0.285800327707945
181	0.199912854764411
687	0.257885278271441
178	0.285800327707945
320	0.238728922698207
271	0.239347144822124
2013	0.285800327707945
610	0.285800327707945
1632	0.257310351836573
1935	0.285800327707945
460	0.242584035866766
332	0.285800327707945
354	0.238941364480658
255	0.285800327707945
708	0.285800327707945
1576	0.252287399452079
1220	0.235180952505987
171	0.2490129223503
562	0.255865457034456
54	0.253982686767843
1892	0.243115092501378
645	0.244756482297995
1690	0.253789716806212
1728	0.285800327707945
1170	0.230578435096756
938	0.240038720849314
574	0.216309554026668
1846	0.202856542975746
1888	0.258113015927246
109	0.237039828745019
1191	0.243365445622084
1669	0.244449903644209
1453	0.285800327707945
1184	0.230472886621624
1430	0.256771022413844
904	0.238922104315253
1869	0.263944669800839
172	0.285800327707945
971	0.207931522415041
1804	0.236211860596709
420	0.255697802196096
71	0.285800327707945
141	0.264418388241904
1908	0.249502464326886
210	0.240770395093937
592	0.285800327707945
1137	0.216561721148862
1726	0.285800327707945
369	0.219788917393542
1558	0.285800327707945
1853	0.244227474306179
475	0.250854269108917
1200	0.285800327707945
18	0.285800327707945
1778	0.235566389444457
1990	0.255609562987591
1890	0.285800327707945
1532	0.244521965059446
1317	0.285800327707945
568	0.285800327707945
1927	0.255981687263625
1887	0.217167827912513
1807	0.285800327707945
604	0.242891769252857
136	0.234036125164773
82	0.285800327707945
1926	0.238916642630299
823	0.211539736557457
2039	0.253411374174875
361	0.225361989860511
374	0.255799693396774
1849	0.262256305296391
150	0.239504082393403
32	0.285800327707945
27	0.21940468209016
1835	0.264641841754029
1795	0.258693622993953
335	0.285800327707945
1414	0.252268805480539
1967	0.207388230427687
312	0.285800327707945
1644	0.255737102885984
1436	0.285800327707945
488	0.201710955174323
226	0.258344256733714
2025	0.225185637692859
394	0.231481324998006
1345	0.250789125978851
1931	0.247414391859052
2032	0.23091079614699
1246	0.242614573146725
1103	0.233073935687363
1147	0.247183731300907
2047	0.222452903780227
93	0.241046300390223
2027	0.285800327707945
631	0.250576847601875
1488	0.254634617272285
456	0.244179169796405
1800	0.23140565597072
1	0.285800327707945
77	0.243613612420157
51	0.235220553197385
497	0.245987238006645
360	0.248841203042521
625	0.285800327707945
24	0.285800327707945
35	0.239754504405618
1780	0.237229142089733
260	0.254207765988571
899	0.196649733519545
275	0.285800327707945
272	0.236055192993432
663	0.24646134760351
1279	0.251125767281316
804	0.246299539016809
88	0.234428625857693
1918	0.240595324316019
1244	0.256239996115287
2000	0.254825987216738
1606	0.285800327707945
2034	0.245288219753135
1794	0.285800327707945
163	0.245904110146266
1051	0.210010198729766
1265	0.24153927624495
1933	0.258232183495826
1725	0.285800327707945
155	0.244541052159876
1836	0.285800327707945
331	0.249779485554282
1151	0.285800327707945
1766	0.272049904232114
1608	0.263267784366469
481	0.285800327707945
191	0.241579093687769
327	0.24821353812042
324	0.285800327707945
241	0.225775583257254
1998	0.242385209985283
1350	0.285800327707945
230	0.230424427855685
202	0.245303860618546
242	0.232651615984644
1240	0.184501643768105
742	0.248436647042118
1473	0.167118974365547
1830	0.285800327707945
224	0.208107972552412
106	0.243260205824687
2011	0.251330863729157
1710	0.222093046296907
1834	0.251988763373713
1921	0.285800327707945
1108	0.23965585263107
213	0.220088337242509
549	0.260300994017684
703	0.22987658475722
996	0.285800327707945
2006	0.229229839976953
1866	0.285800327707945
1364	0.227573174830992
154	0.217993242466584
972	0.285800327707945
1965	0.25920137501884
1870	0.188915949757111
1535	0.2503604471305
41	0.229223832643951
149	0.285800327707945
9	0.239474241055509
1688	0.253140295093122
539	0.229026925048288
1706	0.260124685476267
1465	0.204700649283877
928	0.308899157601815
247	0.241029078676224
1058	0.285800327707945
1282	0.247531583084454
1222	0.251646815622213
1214	0.233081110988003
15	0.233586433423179
1799	0.234407453943825
1203	0.254571229178561
1340	0.246932869935055
1709	0.216047126604856
595	0.220650213007011
1275	0.249900056519031
1840	0.241698706236492
1603	0.285800327707945
89	0.254664205174052
1848	0.285800327707945
1538	0.204495424695443
560	0.21874802331647
34	0.250062237264159
1797	0.197202251337382
1707	0.228286400220444
2010	0.285800327707945
445	0.259652092689677
426	0.256390983310652
978	0.260204106537345
469	0.285800327707945
329	0.23503584431439
569	0.285800327707945
1828	0.254737541473281
955	0.231490139140031
69	0.251121298796484
1696	0.213269543210006
1877	0.285800327707945
1584	0.285800327707945
1703	0.258139784295614
1410	0.285800327707945
515	0.248724945558705
1293	0.222823448366232
2005	0.258843989366985
238	0.253658802082446
697	0.24580149767347
1027	0.258139784295614
646	0.25252069633001
179	0.209602374618529
1327	0.23377014042734
2026	0.285800327707945
1044	0.220598644952456
1704	0.241740158902503
1519	0.245795332314183
723	0.256215770540966
839	0.231027644610599
795	0.239405844041628
349	0.251075384973701
14	0.249639834028392
219	0.285800327707945
131	0.285800327707945
1141	0.248530590669821
724	0.233732937524291
396	0.241280369352066
505	0.285800327707945
1462	0.285800327707945
236	0.226793673341344
1755	0.285800327707945
269	0.247857077814482
1291	0.216103383520497
1999	0.230550178495263
1782	0.21188850797539
1714	0.263779996390721
1744	0.232713048117778
1320	0.285800327707945
160	0.260939333022383
459	0.247410596185519
1985	0.285800327707945
147	0.227703702253937
43	0.249730444266281
824	0.221608318675221
1023	0.285800327707945
1089	0.285800327707945
248	0.234322249199904
1395	0.222783215916295
85	0.285800327707945
992	0.239908182603588
802	0.252638009216506
639	0.24823513392337
199	0.249483774920168
1938	0.285800327707945
45	0.256802852992069
1495	0.285800327707945
112	0.253399164670508
58	0.247478909702664
619	0.238521049069886
121	0.240904374853008
1541	0.242842190238772
356	0.285800327707945
678	0.285800327707945
254	0.234501885097264
288	0.285800327707945
1779	0.237049124696606
65	0.241598681620221
458	0.238699822400057
430	0.264675755066767
1829	0.257564393771599
509	0.227196662116044
1514	0.285800327707945
1847	0.249358776347518
144	0.244323125416998
455	0.285800327707945
279	0.255669421110459
263	0.249192298955308
1833	0.253566254825042
231	0.285800327707945
1471	0.222618817911399
1852	0.253419465910117
1577	0.209029915453088
1724	0.285800327707945
1787	0.258957518697245
376	0.240215550751174
1677	0.240194268766696
1652	0.263059477452419
1676	0.285800327707945
1798	0.189875368405566
1387	0.248921749720806
12	0.228028729421198
1272	0.285800327707945
1886	0.239135027927276
208	0.232967576758144
124	0.285800327707945
1257	0.259181539329132
577	0.285800327707945
166	0.285800327707946
256	0.242050641338061
1997	0.255723666731526
1451	0.285800327707945
1673	0.242129495717758
358	0.250123898465266
1813	0.285800327707945
1477	0.241134164405436
138	0.250266803127268
1494	0.285800327707945
22	0.242417235335072
1901	0.264560938907402
1817	0.219024361996826
1909	0.285800327707945
1416	0.247857442433358
2049	0.256389591375736
97	0.255219412918399
1746	0.285800327707945
1697	0.262351840542051
1138	0.252998110335711
958	0.285800327707945
38	0.285800327707945
1699	0.217078644506984
169	0.250231701732966
591	0.255520381217924
289	0.241838234340331
37	0.203714702035424
1342	0.259099526307721
696	0.285800327707945
1945	0.246654309634116
1855	0.246139120889335
1049	0.285800327707945
1736	0.285800327707945
1022	0.23996520918596
664	0.285800327707945
2028	0.229934112794535
1749	0.285800327707945
156	0.231498139077264
1039	0.242690431231785
1930	0.248951077721159
1657	0.244102226454512
1899	0.255219412918399
1580	0.285800327707945
1868	0.249641073934792
1680	0.202901424180789
869	0.246787910962693
828	0.262371090457787
2048	0.285800327707945
291	0.223784269820767
1596	0.233026461248034
483	0.234728799669724
2030	0.214217536125204
49	0.285800327707945
1881	0.258620679341713
641	0.285800327707945
1438	0.217407681256748
1318	0.203743675872265
1026	0.234779091725082
1727	0.285800327707945
423	0.238067052611509
399	0.242475992065357
393	0.261714538511297
851	0.255442725956706
1278	0.248880540495046
366	0.213129829476929
1827	0.223013140003214
600	0.249645683803204
1893	0.249333494583807
382	0.253059246357857
1683	0.285800327707945
1562	0.248552814321943
1000	0.285800327707945
220	0.239143240253592
2046	0.285800327707945
1372	0.260852500604717
1762	0.236651795161873
649	0.244476435366456
1252	0.237728870951122
2042	0.185272268263678
1769	0.235883515106579
1809	0.250882683484431
740	0.218108687752968
858	0.25065742628913
1959	0.241368738134786
17	0.23934919909306
1758	0.232004352418297
383	0.251406627787963
1639	0.239011462855142
392	0.247808039538622
1953	0.197891918624565
1922	0.24315984165666
1768	0.24488923412547
6	0.25371078915216
1132	0.20104187976436
159	0.246349728935982
1713	0.194159701741709
1452	0.202809031083388
538	0.285800327707945
764	0.257882316712266
1720	0.227214466996987
1717	0.261877699869807
207	0.262013125973317
1611	0.246672477673639
1781	0.285800327707945
775	0.285800327707945
234	0.250449117488163
1435	0.243879841596411
681	0.247020125510562
431	0.285800327707945
408	0.248995475414337
1874	0.244706083354359
1636	0.285800327707945
282	0.237645443968321
1427	0.240866885881789
2036	0.243382720140126
1831	0.25625969389961
132	0.285800327707945
1373	0.260736315961271
123	0.247710890559226
1906	0.230548947486765
1925	0.255137990309003
1743	0.285800327707945
1902	0.23771459600343
1525	0.245404327285572
1675	0.235472259929277
1038	0.284890809510954
338	0.243845439859306
3	0.250562799710149
1645	0.285800327707945
2016	0.244472990452148
581	0.263228093779612
296	0.249029860562224
1844	0.285800327707945
1712	0.285800327707945
1593	0.285800327707945
367	0.232164700237578
1381	0.239869344574645
170	0.218521347620106
10	0.285800327707945
46	0.246057162193766
33	0.232186622549952
865	0.241361700192081
1561	0.25364843401124
1889	0.285800327707945
380	0.251398393911531
211	0.246828354364013
189	0.239181608199425
644	0.285800327707945
261	0.285800327707945
1796	0.244781752994428
1966	0.261653756068587
214	0.244841041016225
146	0.285800327707945
1825	0.246054532273514
47	0.254844606341911
477	0.268056627168554
262	0.24149362864444
249	0.285800327707945
304	0.285800327707945
555	0.285800327707945
848	0.248261963168543
400	0.285800327707945
1806	0.285800327707945
1763	0.234900178753945
1440	0.246853088493638
1947	0.251229720964687
575	0.241840521057445
402	0.233458663509603
1843	0.285800327707945
67	0.239288501542942
2031	0.252462455392509
44	0.285800327707945
1090	0.24054366331803
196	0.257751277750169
1730	0.285800327707945
1851	0.240951741306573
61	0.248810308814487
833	0.235859079504055
630	0.218424035087948
1622	0.285800327707945
1597	0.285800327707945
28	0.239017018046848
40	0.235178944113473
193	0.211197463374556
1307	0.285800327707945
750	0.254409470188805
943	0.25483122049694
1929	0.249830719473338
212	0.251863802948444
209	0.236697309117032
1681	0.285800327707945
1498	0.243716682855771
305	0.292848852594403
623	0.2503285253903
114	0.245718401289395
1756	0.241688930545239
110	0.251090577302442
784	0.211283445755227
221	0.250775470442328
1958	0.227455576085018
1810	0.238585032363332
78	0.240439080597566
734	0.285800327707945
388	0.2497456360911
607	0.250220337870296
789	0.2422719529219
2022	0.230352402679072
934	0.238447089748938
876	0.239745676096925
1081	0.23105301049138
887	0.24288853762612
4	0.207913796728225
1121	0.234737277274354
485	0.217437476393597
752	0.285800327707945
190	0.254036216607394
1096	0.285800327707945
787	0.223098517382519
601	0.285800327707945
265	0.221854590077272
126	0.248773779599605
134	0.285800327707945
741	0.237275299938109
1111	0.24787181865617
1971	0.222232915434391
19	0.285800327707945
1671	0.285800327707945
1928	0.285800327707945
1592	0.251019474492322
1080	0.217445665347328
1991	0.237183418792676
83	0.20809530615716
859	0.255816983913506
135	0.252717574613749
55	0.249991322906438
198	0.285800327707945
130	0.242352088170542
541	0.285800327707945
334	0.203861516973616
177	0.257570379920919
1059	0.285800327707945
148	0.285800327707945
1439	0.227171285806076
1898	0.213875232506347
599	0.23427124925569
8	0.227629543027188
1347	0.285800327707945
450	0.245432323394893
743	0.215185469932085
386	0.285800327707945
2029	0.24757031695419
2043	0.211095921495862
1161	0.285800327707945
530	0.245718401289395
1273	0.285800327707945
1120	0.230166311083512
1719	0.244988245724088
1371	0.285800327707945
1237	0.285800327707945
1729	0.285800327707945
2019	0.285800327707945
1620	0.213781499648534
1549	0.253727197802329
252	0.241997918115691
1845	0.24424505874547
246	0.236985112643035
205	0.247700436768352
70	0.185021136861098
1507	0.202753224567503
87	0.243028121509766
1098	0.26089286821695
1803	0.253331617385751
419	0.243719604523767
325	0.237497236108005
280	0.285800327707945
1672	0.250541763210074
1470	0.212575920960897
284	0.25921851159968
1640	0.235454124005091
758	0.285800327707945
1425	0.257762837823259
1607	0.250770529734641
1863	0.223857070332699
48	0.254886148784348
444	0.260712848192243
465	0.231793526688308
1665	0.285800327707945
1226	0.256162001049845
1705	0.261089994046926
2015	0.285800327707945
1732	0.24605060992697
1616	0.285800327707945
821	0.223186922282531
580	0.285800327707945
2	0.285800327707945
1624	0.237894824346325
514	0.24566648736893
1968	0.285800327707945
1664	0.24380266722983
295	0.214784659431732
1260	0.285800327707945
1951	0.236536799708413
1904	0.212322361551299
1754	0.237907867192547
1761	0.257379198562876
1326	0.246238086157523
1233	0.242942926267995
308	0.249888942730155
1280	0.238439916344655
857	0.239366689705147
729	0.285800327707945
1148	0.237007686800685
628	0.243491929925913
1287	0.261511955226797
1772	0.237058181895572
104	0.285800327707945
1126	0.252871794015144
2023	0.224252614238426
1107	0.285800327707945
1856	0.285800327707945
115	0.285800327707945
1987	0.254945519229862
1689	0.245312163589056
336	0.285800327707945
310	0.229561715216772
416	0.219270568505858
1063	0.285800327707945
1069	0.253443739132528
239	0.285800327707945
2037	0.255695849839364
64	0.23297626338867
1862	0.285800327707945
